1 0 1 2 3 4 5 30 7 00
0 1 1 2 3 4 5 30 7 00
1 1 1 2 3 4 5 30 7 00
0 2 1 2 3 4 5 30 7 00
1 2 1 2 3 4 5 30 7 00
0 3 1 2 3 4 5 30 7 00
1 3 1 2 3 4 5 30 7 00
0 3 1 2 3 4 5 30 7 00
1 3 1 2 3 4 5 30 7 00
0 3 1 2 3 4 5 30 7 00
1 3 1 2 3 4 5 30 7 00
0 30 1 2 3 4 5 30 7 00
1 30 1 2 3 4 5 30 7 00
0 30 1 2 3 4 5 30 7 00
1 30 1 2 3 4 5 30 7 00
0 31 1 2 3 4 5 30 7 00
1 31 1 2 3 4 5 30 7 00
0 32 1 2 3 4 5 30 7 00
1 32 1 2 3 4 5 30 7 00
0 33 1 2 3 4 5 30 7 00
1 33 1 2 3 4 5 30 7 00
0 34 1 2 3 4 5 30 7 00
1 34 1 2 3 4 5 30 7 00
0 34 1 2 3 4 5 30 7 00
1 34 1 2 3 4 5 30 7 00
0 34 1 37 3 4 5 30 7 00
1 34 1 37 3 4 5 30 7 00
0 235 1 37 3 4 5 30 33 00
1 235 1 37 3 4 5 30 33 00
0 235 1 37 3 4 5 30 33 00
1 235 1 37 3 4 5 30 33 00
0 236 1 37 3 4 5 30 33 00
1 236 1 37 3 4 5 30 33 00
0 237 1 37 3 4 5 30 33 00
1 237 1 37 3 4 5 30 33 00
0 238 1 37 3 4 5 30 33 00
1 238 1 37 3 4 5 30 33 00
0 238 1 37 3 4 5 30 33 00
1 238 1 37 3 4 5 30 33 00
0 238 1 37 3 4 5 30 33 00
1 238 1 37 3 4 5 30 33 00
0 263 1 37 3 4 5 30 33 00
1 263 1 37 3 4 5 30 33 00
0 263 1 37 3 4 5 30 33 00
1 263 1 37 3 4 5 30 33 00
0 264 1 37 3 4 5 30 33 00
1 264 1 37 3 4 5 30 33 00
0 265 1 37 3 4 5 30 33 00
